Alpha Values:
0.009999993669550539
0.00999998100866052
0.00999996201735221
0.009999936695661227
0.009999905043636554
0.009999867061340527
0.00999982274884884
0.009999772106250549
0.00999971513364806
0.009999651831157143
0.00999958219890692
0.009999506237039869
0.009999423945711823
0.009999335325091974
0.009999240375362864
0.00999913909672039
0.0099990314893738
0.009998917553545702
0.009998797289472046
0.009998670697402137
0.009998537777598631
0.009998398530337531
0.009998252955908187
0.009998101054613299
0.009997942826768911
0.009997778272704413
0.009997607392762538
0.009997430187299362
0.0099972466566843
0.009997056801300112
0.009996860621542892
0.009996658117822072
0.009996449290560422
0.009996234140194045
0.009996012667172377
0.009995784871958183
0.009995550755027564
0.009995310316869942
0.00999506355798807
0.009994810478898022
0.0099945510801292
0.00999428536222432
0.009994013325739425
0.009993734971243869
0.009993450299320323
0.00999315931056477
0.009992862005586507
0.009992558385008137
0.009992248449465571
0.009991932199608025
0.009991609636098015
0.00999128075961136
0.009990945570837174
0.009990604070477868
0.009990256259249144
0.009989902137879996
0.009989541707112705
0.009989174967702835
0.009988801920419234
0.009988422566044031
0.009988036905372632
0.009987644939213714
0.00998724666838923
0.009986842093734396
0.0099864312160977
0.009986014036340885
0.009985590555338961
0.009985160773980192
0.009984724693166093
0.009984282313811432
0.009983833636844224
0.009983378663205726
0.009982917393850438
0.009982449829746094
0.009981975971873665
0.009981495821227353
0.009981009378814585
0.009980516645656008
0.009980017622785496
0.009979512311250134
0.009979000712110223
0.009978482826439272
0.009977958655323992
0.009977428199864297
0.0099768914611733
0.009976348440377309
0.009975799138615817
0.009975243557041507
0.009974681696820238
0.009974113559131054
0.009973539145166166
0.009972958456130958
0.009972371493243978
0.009971778257736933
0.00997117875085469
0.009970572973855266
0.009969960928009825
0.009969342614602675
0.009968718034931264
0.009968087190306172
0.009967450082051112
0.009966806711502916
0.009966157080011542
0.009965501188940063
0.009964839039664662
0.009964170633574626
0.009963495972072346
0.009962815056573307
0.009962127888506088
0.009961434469312351
0.009960734800446843
0.009960028883377384
0.009959316719584867
0.00995859831056325
0.009957873657819551
0.009957142762873848
0.009956405627259262
0.009955662252521964
0.009954912640221162
0.0099541567919291
0.009953394709231045
0.009952626393725293
0.009951851847023156
0.009951071070748956
0.00995028406654002
0.009949490836046678
0.009948691380932254
0.009947885702873057
0.009947073803558384
0.009946255684690505
0.009945431347984663
0.009944600795169066
0.009943764027984879
0.009942921048186223
0.009942071857540162
0.009941216457826703
0.009940354850838785
0.009939487038382279
0.009938613022275973
0.009937732804351574
0.009936846386453696
0.009935953770439857
0.009935054958180468
0.009934149951558833
0.009933238752471138
0.009932321362826445
0.009931397784546684
0.009930468019566652
0.009929532069833998
0.009928589937309221
0.009927641623965665
0.009926687131789508
0.009925726462779757
0.00992475961894824
0.0099237866023196
0.00992280741493129
0.009921822058833558
0.009920830536089453
0.009919832848774802
0.009918828998978217
0.009917818988801081
0.009916802820357538
0.00991578049577449
0.00991475201719159
0.009913717386761235
0.009912676606648551
0.009911629679031395
0.009910576606100343
0.009909517390058681
0.0099084520331224
0.009907380537520188
0.009906302905493422
0.009905219139296158
0.009904129241195126
0.00990303321346972
0.009901931058411993
0.009900822778326646
0.00989970837553102
0.00989858785235509
0.009897461211141455
0.009896328454245333
0.009895189584034549
0.009894044602889526
0.009892893513203284
0.00989173631738142
0.009890573017842113
0.009889403617016105
0.009888228117346696
0.009887046521289737
0.009885858831313621
0.009884665049899271
0.009883465179540137
0.009882259222742183
0.009881047182023879
0.009879829059916195
0.009878604858962588
0.009877374581718995
0.009876138230753827
0.009874895808647954
0.009873647317994701
0.009872392761399838
0.009871132141481569
0.009869865460870526
0.009868592722209756
0.009867313928154714
0.009866029081373255
0.009864738184545623
0.009863441240364442
0.009862138251534706
0.00986082922077377
0.009859514150811342
0.009858193044389472
0.009856865904262543
0.00985553273319726
0.009854193533972643
0.009852848309380016
0.009851497062222995
0.009850139795317485
0.00984877651149166
0.009847407213585964
0.009846031904453092
0.009844650586957989
0.00984326326397783
0.009841869938402019
0.009840470613132172
0.009839065291082114
0.009837653975177862
0.00983623666835762
0.009834813373571762
0.009833384093782831
0.009831948831965524
0.009830507591106681
0.009829060374205277
0.009827607184272405
0.009826148024331275
0.009824682897417199
0.009823211806577579
0.0098217347548719
0.009820251745371714
0.009818762781160636
0.00981726786533433
0.009815767001000496
0.009814260191278864
0.00981274743930118
0.009811228748211198
0.009809704121164662
0.009808173561329304
0.00980663707188483
0.009805094656022905
0.009803546316947147
0.009801992057873113
0.00980043188202829
0.009798865792652083
0.009797293792995803
0.009795715886322656
0.00979413207590773
0.00979254236503799
0.009790946757012262
0.009789345255141215
0.009787737862747364
0.00978612458316505
0.009784505419740425
0.009782880375831448
0.00978124945480787
0.009779612660051224
0.009777969994954809
0.009776321462923681
0.009774667067374647
0.00977300681173624
0.00977134069944872
0.009769668733964053
0.009767990918745906
0.009766307257269633
0.009764617753022259
0.009762922409502472
0.00976122123022061
0.00975951421869865
0.009757801378470193
0.009756082713080453
0.009754358226086248
0.009752627921055981
0.009750891801569635
0.009749149871218755
0.009747402133606442
0.009745648592347332
0.009743889251067589
0.009742124113404893
0.009740353183008423
0.009738576463538852
0.009736793958668326
0.009735005672080457
0.009733211607470309
0.009731411768544383
0.009729606159020607
0.009727794782628323
0.009725977643108272
0.009724154744212581
0.009722326089704756
0.00972049168335966
0.009718651528963508
0.009716805630313852
0.00971495399121956
0.009713096615500814
0.009711233506989094
0.009709364669527161
0.009707490106969044
0.009705609823180032
0.009703723822036655
0.009701832107426674
0.009699934683249069
0.009698031553414019
0.009696122721842896
0.009694208192468249
0.009692287969233786
0.00969036205609437
0.009688430457015994
0.009686493175975778
0.00968455021696195
0.00968260158397383
0.009680647281021821
0.009678687312127393
0.009676721681323072
0.009674750392652419
0.009672773450170025
0.009670790857941492
0.00966880262004342
0.009666808740563393
0.009664809223599965
0.009662804073262646
0.009660793293671891
0.009658776888959079
0.009656754863266503
0.00965472722074736
0.009652693965565725
0.009650655101896551
0.009648610633925645
0.009646560565849656
0.009644504901876063
0.009642443646223157
0.00964037680312003
0.009638304376806557
0.009636226371533385
0.009634142791561917
0.009632053641164297
0.009629958924623394
0.009627858646232793
0.00962575281029677
0.00962364142113029
0.009621524483058986
0.00961940200041914
0.009617273977557673
0.009615140418832133
0.009613001328610675
0.009610856711272046
0.009608706571205574
0.009606550912811153
0.00960438974049922
0.009602223058690752
0.00960005087181724
0.009597873184320684
0.009595690000653566
0.009593501325278848
0.009591307162669946
0.00958910751731072
0.009586902393695458
0.00958469179632886
0.009582475729726023
0.009580254198412427
0.009578027206923917
0.00957579475980669
0.009573556861617278
0.00957131351692253
0.009569064730299606
0.009566810506335949
0.009564550849629276
0.009562285764787565
0.009560015256429032
0.009557739329182123
0.009555457987685492
0.00955317123658799
0.009550879080548642
0.009548581524236642
0.00954627857233133
0.009543970229522174
0.009541656500508764
0.009539337390000784
0.009537012902718002
0.009534683043390257
0.009532347816757438
0.009530007227569469
0.009527661280586294
0.00952530998057786
0.009522953332324101
0.009520591340614925
0.00951822401025019
0.009515851346039696
0.009513473352803163
0.00951109003537022
0.009508701398580382
0.009506307447283039
0.009503908186337439
0.009501503620612667
0.009499093754987635
0.009496678594351063
0.009494258143601459
0.009491832407647107
0.00948940139140605
0.009486965099806068
0.009484523537784671
0.009482076710289073
0.009479624622276181
0.009477167278712575
0.009474704684574495
0.00947223684484782
0.009469763764528055
0.009467285448620308
0.009464801902139282
0.009462313130109251
0.009459819137564048
0.009457319929547042
0.009454815511111127
0.009452305887318704
0.009449791063241657
0.009447271043961349
0.00944474583456859
0.009442215440163635
0.009439679865856152
0.009437139116765214
0.009434593198019281
0.009432042114756182
0.009429485872123096
0.009426924475276533
0.009424357929382326
0.009421786239615601
0.00941920941116077
0.009416627449211507
0.009414040358970735
0.009411448145650606
0.00940885081447248
0.009406248370666918
0.009403640819473653
0.00940102816614158
0.009398410415928735
0.009395787574102279
0.009393159645938478
0.009390526636722688
0.009387888551749336
0.009385245396321901
0.0093825971757529
0.009379943895363866
0.009377285560485334
0.009374622176456819
0.009371953748626802
0.00936928028235271
0.009366601783000897
0.009363918255946633
0.009361229706574074
0.009358536140276253
0.009355837562455062
0.00935313397852123
0.009350425393894307
0.009347711814002643
0.009344993244283374
0.009342269690182405
0.009339541157154385
0.009336807650662696
0.00933406917617943
0.009331325739185372
0.009328577345169984
0.009325823999631382
0.009323065708076323
0.009320302476020184
0.009317534308986944
0.009314761212509164
0.009311983192127971
0.00930920025339304
0.00930641240186257
0.009303619643103275
0.009300821982690355
0.009298019426207489
0.009295211979246805
0.009292399647408866
0.009289582436302657
0.009286760351545556
0.009283933398763324
0.00928110158359008
0.00927826491166829
0.009275423388648741
0.009272577020190523
0.009269725811961014
0.009266869769635859
0.009264008898898952
0.009261143205442416
0.009258272694966586
0.009255397373179985
0.009252517245799317
0.00924963231854943
0.009246742597163318
0.009243848087382081
0.009240948794954924
0.009238044725639124
0.009235135885200023
0.009232222279411
0.009229303914053454
0.009226380794916788
0.009223452927798389
0.009220520318503605
0.009217582972845731
0.009214640896645986
0.009211694095733495
0.00920874257594527
0.009205786343126191
0.009202825403128988
0.009199859761814219
0.00919688942505025
0.00919391439871324
0.00919093468868712
0.009187950300863572
0.009184961241142008
0.009181967515429554
0.009178969129641034
0.009175966089698942
0.009172958401533426
0.009169946071082274
0.009166929104290884
0.009163907507112256
0.009160881285506961
0.00915785044544313
0.009154814992896434
0.009151774933850056
0.009148730274294683
0.009145681020228478
0.009142627177657061
0.009139568752593497
0.009136505751058266
0.009133438179079249
0.009130366042691709
0.009127289347938267
0.009124208100868886
0.00912112230754085
0.009118031974018743
0.00911493710637443
0.009111837710687042
0.009108733793042945
0.009105625359535728
0.009102512416266187
0.009099394969342294
0.009096273024879187
0.009093146588999143
0.009090015667831563
0.009086880267512948
0.009083740394186883
0.009080596054004013
0.009077447253122027
0.009074293997705637
0.009071136293926554
0.009067974147963469
0.00906480756600204
0.009061636554234863
0.009058461118861456
0.00905528126608824
0.009052097002128515
0.009048908333202441
0.009045715265537022
0.00904251780536608
0.009039315958930236
0.009036109732476897
0.009032899132260222
0.009029684164541115
0.009026464835587195
0.009023241151672782
0.009020013119078876
0.009016780744093131
0.009013544033009843
0.009010302992129925
0.009007057627760882
0.009003807946216802
0.009000553953818326
0.008997295656892631
0.00899403306177341
0.008990766174800848
0.00898749500232161
0.008984219550688809
0.008980939826261995
0.008977655835407128
0.008974367584496564
0.00897107507990903
0.0089677783280296
0.00896447733524968
0.008961172107966993
0.008957862652585542
0.008954548975515604
0.008951231083173703
0.00894790898198259
0.008944582678371223
0.008941252178774747
0.008937917489634472
0.008934578617397854
0.00893123556851847
0.008927888349456
0.008924536966676213
0.008921181426650934
0.00891782173585803
0.008914457900781391
0.008911089927910903
0.008907717823742433
0.008904341594777805
0.00890096124752478
0.008897576788497038
0.008894188224214148
0.00889079556120156
0.008887398805990578
0.008883997965118332
0.008880593045127769
0.008877184052567627
0.008873770993992414
0.008870353875962383
0.008866932705043523
0.008863507487807521
0.00886007823083176
0.008856644940699281
0.008853207623998771
0.008849766287324543
0.008846320937276508
0.008842871580460163
0.008839418223486563
0.0088359608729723
0.00883249953553949
0.00882903421781574
0.008825564926434139
0.008822091668033225
0.008818614449256973
0.008815133276754771
0.0088116481571814
0.008808159097197009
0.008804666103467095
0.008801169182662489
0.008797668341459324
0.008794163586539023
0.00879065492458827
0.008787142362298996
0.008783625906368352
0.008780105563498692
0.00877658134039755
0.008773053243777619
0.008769521280356728
0.008765985456857825
0.00876244578000895
0.008758902256543221
0.008755354893198808
0.008751803696718909
0.008748248673851735
0.008744689831350487
0.008741127175973331
0.00873756071448338
0.008733990453648675
0.008730416400242157
0.008726838561041651
0.008723256942829844
0.008719671552394262
0.008716082396527249
0.008712489482025947
0.008708892815692273
0.0087052924043329
0.008701688254759234
0.00869808037378739
0.008694468768238177
0.00869085344493707
0.008687234410714194
0.008683611672404298
0.008679985236846738
0.008676355110885452
0.00867272130136894
0.008669083815150242
0.00866544265908692
0.008661797840041029
0.008658149364879105
0.008654497240472136
0.008650841473695544
0.008647182071429164
0.00864351904055722
0.008639852387968305
0.008636182120555362
0.008632508245215656
0.00862883076885076
0.008625149698366528
0.008621465040673078
0.008617776802684766
0.008614084991320168
0.008610389613502054
0.008606690676157375
0.008602988186217232
0.008599282150616859
0.008595572576295604
0.0085918594701969
0.008588142839268254
0.008584422690461214
0.008580699030731354
0.008576971867038253
0.008573241206345473
0.008569507055620531
0.00856576942183489
0.008562028311963926
0.00855828373298691
0.00855453569188699
0.008550784195651166
0.008547029251270266
0.00854327086573893
0.008539509046055587
0.00853574379922243
0.008531975132245398
0.008528203052134151
0.008524427565902054
0.00852064868056615
0.008516866403147142
0.008513080740669367
0.008509291700160779
0.008505499288652926
0.008501703513180926
0.00849790438078345
0.008494101898502698
0.008490296073384376
0.008486486912477675
0.00848267442283525
0.008478858611513202
0.008475039485571049
0.00847121705207171
0.00846739131808148
0.008463562290670015
0.008459729976910298
0.00845589438387863
0.008452055518654604
0.008448213388321078
0.008444367999964161
0.00844051936067319
0.008436667477540703
0.008432812357662425
0.008428954008137242
0.008425092436067176
0.008421227648557371
0.008417359652716068
0.008413488455654582
0.008409614064487281
0.008405736486331567
0.008401855728307851
0.008397971797539533
0.00839408470115298
0.008390194446277506
0.008386301040045346
0.00838240448959164
0.008378504802054407
0.008374601984574528
0.008370696044295719
0.00836678698836451
0.00836287482393023
0.008358959558144979
0.008355041198163608
0.008351119751143696
0.008347195224245534
0.008343267624632094
0.008339336959469017
0.008335403235924587
0.00833146646116971
0.008327526642377887
0.008323583786725205
0.008319637901390302
0.008315688993554355
0.008311737070401053
0.008307782139116577
0.008303824206889581
0.008299863280911167
0.008295899368374863
0.008291932476476605
0.008287962612414712
0.008283989783389867
0.008280013996605095
0.008276035259265738
0.008272053578579441
0.008268068961756121
0.008264081416007953
0.008260090948549346
0.008256097566596919
0.008252101277369483
0.008248102088088018
0.008244100005975653
0.008240095038257641
0.008236087192161342
0.008232076474916196
0.008228062893753708
0.008224046455907422
0.0082200271686129
0.0082160050391077
0.00821198007463136
0.00820795228242537
0.008203921669733152
0.008199888243800038
0.008195852011873254
0.008191812981201892
0.008187771159036893
0.00818372655263102
0.008179679169238844
0.008175629016116716
0.00817157610052275
0.0081675204297168
0.008163462010960435
0.008159400851516929
0.008155336958651224
0.008151270339629918
0.008147201001721244
0.008143128952195048
0.00813905419832276
0.008134976747377386
0.008130896606633475
0.008126813783367104
0.008122728284855853
0.00811864011837879
0.008114549291216437
0.008110455810650766
0.008106359683965163
0.008102260918444413
0.008098159521374677
0.008094055500043475
0.008089948861739658
0.008085839613753393
0.008081727763376135
0.008077613317900615
0.008073496284620806
0.008069376670831914
0.008065254483830353
0.008061129730913719
0.008057002419380772
0.008052872556531419
0.008048740149666686
0.0080446052060887
0.008040467733100668
0.008036327738006856
0.008032185228112566
0.008028040210724117
0.008023892693148823
0.008019742682694968
0.008015590186671794
0.008011435212389471
0.008007277767159083
0.008003117858292597
0.007998955493102854
0.00799479067890354
0.007990623423009165
0.007986453732735047
0.007982281615397288
0.00797810707831275
0.007973930128799038
0.007969750774174477
0.007965569021758096
0.007961384878869595
0.007957198352829339
0.007953009450958325
0.007948818180578167
0.007944624549011074
0.00794042856357983
0.007936230231607768
0.007932029560418758
0.007927826557337179
0.007923621229687898
0.007919413584796253
0.007915203629988031
0.007910991372589445
0.007906776819927115
0.007902559979328046
0.007898340858119609
0.007894119463629517
0.007889895803185807
0.007885669884116821
0.00788144171375118
0.007877211299417762
0.007872978648445692
0.007868743768164313
0.007864506665903161
0.007860267348991954
0.007856025824760566
0.007851782100539008
0.007847536183657404
0.007843288081445977
0.007839037801235021
0.007834785350354883
0.007830530736135944
0.0078262739659086
0.007822015047003233
0.007817753986750199
0.007813490792479803
0.0078092254715222825
0.007804958031207781
0.007800688478866333
0.007796416821827838
0.007792143067422046
0.007787867222978533
0.0077835892958266805
0.007779309293295657
0.007775027222714395
0.007770743091411575
0.007766456906715597
0.007762168675954571
0.007757878406456286
0.007753586105548198
0.007749291780557401
0.007744995438810616
0.007740697087634163
0.007736396734353946
0.007732094386295429
0.007727790050783617
0.0077234837351430365
0.0077191754466977135
0.007714865192771155
0.007710552980686327
0.007706238817765635
0.007701922711330906
0.007697604668703362
0.007693284697203607
0.007688962804151604
0.007684638996866653
0.007680313282667372
0.007675985668871679
0.007671656162796769
0.007667324771759095
0.007662991503074347
0.007658656364057435
0.007654319362022465
0.00764998050428272
0.007645639798150643
0.007641297250937812
0.007636952869954924
0.007632606662511773
0.007628258635917231
0.007623908797479226
0.007619557154504727
0.0076152037142997175
0.00761084848416918
0.007606491471417076
0.007602132683346323
0.007597772127258779
0.0075934098104552174
0.007589045740235313
0.007584679923897618
0.007580312368739543
0.007575943082057338
0.007571572071146074
0.00756719934329962
0.0075628249058106245
0.007558448765970498
0.0075540709310693895
0.00754969140839617
0.007545310205238412
0.007540927328882369
0.007536542786612956
0.00753215658571373
0.007527768733466873
0.007523379237153168
0.007518988104051982
0.0075145953414412475
0.007510200956597439
0.007505804956795559
0.007501407349309113
0.007497008141410094
0.007492607340368961
0.007488204953454623
0.007483800987934412
0.007479395451074072
0.007474988350137736
0.0074705796923879055
0.0074661694850854336
0.007461757735489504
0.007457344450857612
0.007452929638445546
0.007448513305507368
0.007444095459295394
0.007439676107060173
0.007435255256050473
0.007430832913513256
0.007426409086693663
0.007421983782834991
0.0074175570091786795
0.007413128772964285
0.007408699081429467
0.007404267941809965
0.007399835361339584
0.00739540134725017
0.0073909659067715955
0.00738652904713174
0.007382090775556466
0.007377651099269609
0.00737321002549295
0.0073687675614462
0.007364323714346985
0.007359878491410819
0.007355431899851094
0.007350983946879052
0.007346534639703774
0.0073420839855321595
0.007337631991568903
0.007333178665016482
0.007328724013075133
0.007324268042942835
0.007319810761815292
0.007315352176885911
0.007310892295345788
0.007306431124383684
0.007301968671186013
0.007297504942936815
0.007293039946817746
0.007288573690008054
0.007284106179684562
0.00727963742302165
0.007275167427191237
0.007270696199362761
0.007266223746703161
0.007261750076376859
0.007257275195545742
0.007252799111369143
0.007248321831003824
0.007243843361603956
0.0072393637103211
0.007234882884304192
0.0072304008906995225
0.007225917736650718
0.0072214334292987235
0.007216947975781785
0.00721246138323543
0.0072079736587924515
0.007203484809582886
0.007198994842734001
0.00719450376537027
0.007190011584613362
0.007185518307582117
0.007181023941392532
0.0071765284931577435
0.007172031969988005
0.007167534378990672
0.007163035727270187
0.007158536021928057
0.007154035270062837
0.007149533478770113
0.007145030655142485
0.0071405268062695445
0.007136021939237865
0.007131516061130975
0.00712700917902935
0.007122501300010383
0.007117992431148379
0.00711348257951453
0.007108971752176898
0.0071044599562004014
0.007099947198646792
0.007095433486574642
0.007090918827039322
0.007086403227092991
0.00708188669378457
0.007077369234159729
0.00707285085526087
0.007068331564127111
0.007063811367794263
0.007059290273294817
0.007054768287657927
0.007050245417909392
0.007045721671071636
0.007041197054163695
0.0070366715742011966
0.007032145238196345
0.007027618053157901
0.007023090026091169
0.007018561163997977
0.007014031473876659
0.00700950096272204
0.007004969637525418
0.007000437505274545
0.006995904572953616
0.006991370847543244
0.00698683633602045
0.006982301045358641
0.006977764982527596
0.006973228154493448
0.00696869056821867
0.0069641522306620515
0.006959613148778689
0.006955073329519965
0.006950532779833533
0.006945991506663301
0.006941449516949412
0.00693690681762823
0.006932363415632324
0.006927819317890449
0.0069232745313275315
0.00691872906286465
0.006914182919419023
0.006909636107903988
0.0069050886352289885
0.006900540508299555
0.00689599173401729
0.006891442319279851
0.006886892270980935
0.00688234159601026
0.006877790301253552
0.006873238393592527
0.006868685879904872
0.006864132767064234
0.0068595790619402006
0.006855024771398283
0.006850469902299904
0.006845914461502375
0.0068413584558588885
0.006836801892218495
0.00683224477742609
0.006827687118322397
0.006823128921743952
0.006818570194523089
0.00681401094348792
0.006809451175462325
0.006804890897265929
0.006800330115714092
0.0067957688376178915
0.006791207069784105
0.006786644819015196
0.006782082092109297
