Gamma Values:
0.01000003239204927
0.010000097176417014
0.010000194353618862
0.01000032392441687
0.010000485889819532
0.010000680251081785
0.01000090700970502
0.010001166167437094
0.010001457726272351
0.010001781688451629
0.010002138056462282
0.010002526833038206
0.010002948021159854
0.01000340162405427
0.010003887645195105
0.010004406088302654
0.010004956957343884
0.010005540256532466
0.01000615599032881
0.010006804163440106
0.010007484780820357
0.010008197847670423
0.010008943369438065
0.010009721351817984
0.010010531800751876
0.01001137472242848
0.010012250123283621
0.010013158010000274
0.010014098389508608
0.01001507126898605
0.010016076655857348
0.01001711455779462
0.01001818498271743
0.010019287938792839
0.010020423434435488
0.010021591478307657
0.01002279207931934
0.010024025246628314
0.010025290989640218
0.01002658931800863
0.010027920241635147
0.01002928377066946
0.01003067991550945
0.01003210868680126
0.01003357009543939
0.010035064152566782
0.010036590869574919
0.010038150258103907
0.010039742330042581
0.010041367097528599
0.010043024572948535
0.010044714768937993
0.010046437698381696
0.010048193374413606
0.010049981810417023
0.010051803020024693
0.010053657017118927
0.010055543815831706
0.010057463430544806
0.010059415875889906
0.010061401166748715
0.010063419318253093
0.010065470345785171
0.01006755426497748
0.010069671091713075
0.010071820842125667
0.010074003532599757
0.010076219179770769
0.010078467800525182
0.010080749412000671
0.010083064031586248
0.010085411676922403
0.010087792365901243
0.010090206116666646
0.010092652947614406
0.01009513287739238
0.010097645924900646
0.010100192109291648
0.01010277144997036
0.01010538396659444
0.010108029679074398
0.010110708607573744
0.010113420772509166
0.010116166194550687
0.01011894489462184
0.010121756893899827
0.010124602213815706
0.01012748087605456
0.010130392902555664
0.010133338315512679
0.010136317137373816
0.010139329390842033
0.010142375098875212
0.010145454284686346
0.010148566971743727
0.010151713183771139
0.01015489294474805
0.010158106278909803
0.010161353210747818
0.010164633765009784
0.010167947966699866
0.010171295841078908
0.010174677413664629
0.010178092710231838
0.010181541756812643
0.010185024579696653
0.010188541205431202
0.010192091660821556
0.010195675972931133
0.010199294169081722
0.010202946276853699
0.010206632324086262
0.010210352338877638
0.01021410634958533
0.010217894384826329
0.010221716473477352
0.010225572644675078
0.010229462927816381
0.010233387352558564
0.010237345948819601
0.010241338746778378
0.010245365776874934
0.010249427069810708
0.01025352265654879
0.010257652568314164
0.010261816836593957
0.010266015493137706
0.010270248569957598
0.010274516099328735
0.010278818113789398
0.010283154646141296
0.010287525729449836
0.010291931397044395
0.010296371682518575
0.010300846619730481
0.010305356242802991
0.010309900586124032
0.010314479684346848
0.010319093572390284
0.010323742285439065
0.010328425858944078
0.01033314432862265
0.010337897730458847
0.010342686100703742
0.010347509475875727
0.010352367892760788
0.010357261388412807
0.010362190000153856
0.010367153765574498
0.010372152722534079
0.010377186909161035
0.010382256363853202
0.01038736112527811
0.010392501232373305
0.010397676724346641
0.010402887640676612
0.010408134021112654
0.010413415905675467
0.010418733334657326
0.010424086348622406
0.01042947498840711
0.010434899295120386
0.010440359310144049
0.010445855075133124
0.010451386632016163
0.010456954022995584
0.010462557290548005
0.01046819647742458
0.010473871626651334
0.010479582781529514
0.010485329985635918
0.010491113282823249
0.010496932717220459
0.010502788333233098
0.010508680175543666
0.01051460828911196
0.010520572719175439
0.010526573511249571
0.010532610711128201
0.0105386843648839
0.010544794518868342
0.010550941219712657
0.010557124514327805
0.010563344449904944
0.010569601073915798
0.010575894434113038
0.010582224578530641
0.010588591555484288
0.010594995413571727
0.010601436201673163
0.010607913968951636
0.01061442876485341
0.01062098063910836
0.010627569641730358
0.010634195823017667
0.010640859233553335
0.01064755992420559
0.010654297946128233
0.010661073350761045
0.010667886189830188
0.010674736515348598
0.010681624379616401
0.010688549835221321
0.010695512935039082
0.010702513732233822
0.010709552280258515
0.010716628632855373
0.01072374284405628
0.010730894968183191
0.010738085059848574
0.010745313173955821
0.01075257936569968
0.01075988369056668
0.010767226204335558
0.010774606963077702
0.010782026023157571
0.010789483441233138
0.01079697927425633
0.01080451357947346
0.010812086414425682
0.010819697836949417
0.010827347905176818
0.010835036677536204
0.010842764212752513
0.010850530569847765
0.010858335808141497
0.010866179987251236
0.010874063167092945
0.010881985407881496
0.010889946770131118
0.010897947314655869
0.010905987102570106
0.01091406619528894
0.01092218465452872
0.010930342542307504
0.010938539920945515
0.01094677685306564
0.010955053401593905
0.010963369629759936
0.010971725601097463
0.010980121379444797
0.010988557028945313
0.01099703261404794
0.01100554819950765
0.011014103850385959
0.011022699632051405
0.011031335610180062
0.011040011850756029
0.011048728420071926
0.011057485384729409
0.01106628281163966
0.011075120768023906
0.011083999321413919
0.011092918539652528
0.011101878490894137
0.011110879243605229
0.011119920866564893
0.011129003428865334
0.011138126999912398
0.01114729164942609
0.011156497447441103
0.011165744464307346
0.011175032770690464
0.011184362437572376
0.011193733536251802
0.011203146138344802
0.011212600315785307
0.011222096140825661
0.011231633686037159
0.011241213024310593
0.011250834228856792
0.011260497373207171
0.011270202531214274
0.01127994977705233
0.011289739185217803
0.011299570830529947
0.01130944478813136
0.011319361133488547
0.011329319942392467
0.01133932129095911
0.011349365255630059
0.011359451913173042
0.011369581340682515
0.01137975361558023
0.011389968815615796
0.011400227018867266
0.011410528303741705
0.011420872748975769
0.011431260433636287
0.011441691437120838
0.011452165839158339
0.011462683719809628
0.011473245159468055
0.011483850238860067
0.0114944990390458
0.011505191641419676
0.011515928127710994
0.011526708579984533
0.01153753308064114
0.011548401712418345
0.011559314558390956
0.011570271701971665
0.011581273226911654
0.011592319217301209
0.011603409757570321
0.011614544932489312
0.01162572482716944
0.011636949527063513
0.011648219117966523
0.011659533686016249
0.011670893317693887
0.011682298099824675
0.011693748119578521
0.011705243464470624
0.011716784222362112
0.011728370481460668
0.011740002330321167
0.011751679857846314
0.011763403153287276
0.011775172306244322
0.011786987406667473
0.011798848544857136
0.011810755811464752
0.011822709297493447
0.011834709094298679
0.011846755293588885
0.011858847987426138
0.011870987268226801
0.011883173228762185
0.011895405962159206
0.011907685561901048
0.011920012121827818
0.011932385736137217
0.011944806499385209
0.011957274506486681
0.011969789852716115
0.011982352633708261
0.011994962945458815
0.012007620884325087
0.01202032654702668
0.012033080030646176
0.012045881432629803
0.012058730850788136
0.012071628383296765
0.012084574128696993
0.012097568185896518
0.012110610654170127
0.012123701633160384
0.01213684122287833
0.01215002952370417
0.012163266636387983
0.01217655266205041
0.012189887702183358
0.01220327185865071
0.012216705233689017
0.012230187929908218
0.012243720050292341
0.012257301698200218
0.012270932977366188
0.012284613991900822
0.012298344846291632
0.01231212564540379
0.01232595649448085
0.012339837499145462
0.012353768765400107
0.01236775039962781
0.01238178250859287
0.01239586519944159
0.01240999857970301
0.012424182757289627
0.012438417840498145
0.012452703938010198
0.01246704115889309
0.012481429612600535
0.012495869408973398
0.012510360658240438
0.012524903471019049
0.012539497958316007
0.01255414423152822
0.012568842402443475
0.012583592583241189
0.01259839488649316
0.012613249425164327
0.012628156312613523
0.01264311566259423
0.012658127589255339
0.012673192207141921
0.01268830963119598
0.012703479976757215
0.012718703359563798
0.012733979895753133
0.01274930970186263
0.012764692894830473
0.012780129591996396
0.012795619911102457
0.012811163970293814
0.01282676188811951
0.012842413783533232
0.012858119775894118
0.012873879984967527
0.012889694530925824
0.01290556353434917
0.012921487116226305
0.012937465397955343
0.012953498501344559
0.012969586548613186
0.012985729662392205
0.013001927965725146
0.013018181582068878
0.013034490635294417
0.013050855249687725
0.01306727554995051
0.013083751661201029
0.013100283708974895
0.013116871819225885
0.013133516118326753
0.01315021673307003
0.013166973790668845
0.013183787418757736
0.013200657745393462
0.01321758489905582
0.013234569008648476
0.013251610203499763
0.013268708613363513
0.013285864368419888
0.013303077599276188
0.01332034843696769
0.013337677012958469
0.01335506345914222
0.013372507907843107
0.013390010491816578
0.013407571344250201
0.013425190598764509
0.01344286838941382
0.013460604850687095
0.01347840011750875
0.013496254325239524
0.013514167609677299
0.01353214010705796
0.013550171954056231
0.013568263287786526
0.013586414245803785
0.01360462496610434
0.013622895587126755
0.013641226247752679
0.0136596170873077
0.013678068245562206
0.013696579862732226
0.013715152079480304
0.013733785036916345
0.013752478876598483
0.01377123374053394
0.013790049771179891
0.013808927111444323
0.013827865904686902
0.013846866294719842
0.013865928425808775
0.013885052442673617
0.013904238490489437
0.013923486714887334
0.01394279726195531
0.013962170278239138
0.013981605910743244
0.014001104306931585
0.01402066561472852
0.014040289982519702
0.014059977559152946
0.014079728493939117
0.014099542936653015
0.014119421037534257
0.014139362947288164
0.014159368817086643
0.014179438798569088
0.014199573043843255
0.01421977170548616
0.014240034936544969
0.014260362890537892
0.014280755721455074
0.014301213583759496
0.014321736632387866
0.01434232502275152
0.014362978910737314
0.01438369845270853
0.014404483805505783
0.014425335126447902
0.014446252573332855
0.014467236304438642
0.014488286478524206
0.014509403254830328
0.014530586793080546
0.014551837253482061
0.014573154796726641
0.014594539583991532
0.014615991776940378
0.014637511537724125
0.014659099028981937
0.014680754413842105
0.014702477855922975
0.014724269519333852
0.014746129568675924
0.014768058169043174
0.014790055486023307
0.014812121685698664
0.014834256934647141
0.014856461399943127
0.014878735249158401
0.01490107865036308
0.014923491772126525
0.014945974783518277
0.01496852785410898
0.014991151153971309
0.0150138448536809
0.015036609124317271
0.015059444137464762
0.015082350065213457
0.01510532708016012
0.015128375355409125
0.015151495064573388
0.015174686381775302
0.01519794948164767
0.015221284539334645
0.015244691730492657
0.01526817123129136
0.015291723218414556
0.015315347869061142
0.015339045360946048
0.015362815872301178
0.01538665958187634
0.015410576668940199
0.01543456731328121
0.015458631695208561
0.015482769995553121
0.015506982395668372
0.015531269077431367
0.015555630223243662
0.015580066016032266
0.015604576639250585
0.01562916227687937
0.01565382311342766
0.015678559333933736
0.015703371123966057
0.015728258669624212
0.01575322215753988
0.015778261774877764
0.015803377709336545
0.015828570149149835
0.015853839283087125
0.015879185300454735
0.01590460839109676
0.01593010874539604
0.015955686554275084
0.01598134200919705
0.016007075302166676
0.016032886625731248
0.016058776172981543
0.016084744137552783
0.0161107907136256
0.01613691609592698
0.016163120479731216
0.016189404060860873
0.01621576703568773
0.01624220960113374
0.016268731954671996
0.01629533429432767
0.016322016818678984
0.01634877972685815
0.016375623218552342
0.016402547494004636
0.016429552754014982
0.016456639199941156
0.01648380703369971
0.016511056457766928
0.016538387675179803
0.016565800889536964
0.01659329630499965
0.016620874126292675
0.016648534558705366
0.016676277808092534
0.01670410408087542
0.01673201358404266
0.016760006525151236
0.01678808311232745
0.016816243554267855
0.016844488060240227
0.016872816840084518
0.01690123010421381
0.016929728063615288
0.01695831092985117
0.016986978915059674
0.017015732231955977
0.01704457109383318
0.017073495714563243
0.01710250630859795
0.017131603090969866
0.01716078627729329
0.01719005608376521
0.017219412727166244
0.017248856424861625
0.01727838739480212
0.017308005855525006
0.017337712026155014
0.01736750612640528
0.017397388376578303
0.017427358997566887
0.017457418210855107
0.017487566238519242
0.01751780330322874
0.017548129628247162
0.01757854543743313
0.017609050955241273
0.017639646406723185
0.017670332017528365
0.017701108013905162
0.017731974622701728
0.017762932071366963
0.017793980587951456
0.017825120401108435
0.0178563517400947
0.017887674834771588
0.017919089915605885
0.0179505972136708
0.01798219696064688
0.018013889388822965
0.018045674731097125
0.018077553220977597
0.018109525092583723
0.018141590580646884
0.018173749920511448
0.01820600334813569
0.018238351100092736
0.018270793413571493
0.018303330526377587
0.01833596267693429
0.018368690104283453
0.01840151304808643
0.018434431748625014
0.018467446446802364
0.01850055738414393
0.018533764802798374
0.018567068945538504
0.018600470055762194
0.0186339683774933
0.01866756415538259
0.018701257634708656
0.018735049061378847
0.018768938681930167
0.018802926743530207
0.018837013493978053
0.018871199181705205
0.01890548405577648
0.01893986836589093
0.01897435236238276
0.01900893629622222
0.019043620419016524
0.019078404983010746
0.01911329024108874
0.019148276446774033
0.01918336385423072
0.01921855271826437
0.019253843294322944
0.01928923583849765
0.019324730607523884
0.019360327858782084
0.01939602785029865
0.01943183084074683
0.01946773708944759
0.019503746856370532
0.019539860402134752
0.01957607798800974
0.019612399875916262
0.019648826328427228
0.019685357608768578
0.019721993980820172
0.019758735709116647
0.019795583058848293
0.01983253629586193
0.01986959568666178
0.019906761498410325
0.019944033998929182
0.019981413456699956
0.020018900140865114
0.020056494321228836
0.02009419626825788
0.02013200625308243
0.020169924547496956
0.020207951423961056
0.020246087155600317
0.020284332016207152
0.02032268628024166
0.020361150222832452
0.020399724119777498
0.020438408247544965
0.020477202883274054
0.020516108304775838
0.020555124790534087
0.020594252619706092
0.02063349207212351
0.020672843428293158
0.020712306969397878
0.020751882977297315
0.020791571734528762
0.020831373524307955
0.020871288630529897
0.020911317337769658
0.0209514599312832
0.020991716697008157
0.021032087921564652
0.021072573892256096
0.021113174897069972
0.021153891224678645
0.021194723164440134
0.02123567100639892
0.021276735041286722
0.02131791556052327
0.0213592128562171
0.02140062722116632
0.02144215894885939
0.02148380833347589
0.021525575669887286
0.021567461253657706
0.02160946538104468
0.02165158834899992
0.021693830455170066
0.02173619199789744
0.021778673276220798
0.02182127458987607
0.02186399623929711
0.021906838525616434
0.02194980175066595
0.021992886216977713
0.022036092227784628
0.022079420087021184
0.022122870099324194
0.022166442570033505
0.022210137805192706
0.02225395611154985
0.022297897796558167
0.022341963168376767
0.022386152535871336
0.02243046620861485
0.022474904496888264
0.02251946771168119
0.022564156164692612
0.022608970168331553
0.022653910035717758
0.022698976080682377
0.022744168617768633
0.022789487962232506
0.022834934430043377
0.02288050833788471
0.022926210003154694
0.022972039743966912
0.02301799787915098
0.023064084728253206
0.02311030061153723
0.02315664584998465
0.023203120765295657
0.023249725679889695
0.02329646091690605
0.023343326800204497
0.023390323654365913
0.023437451804692883
0.02348471157721031
0.02353210329866603
0.023579627296531413
0.023627283899001948
0.023675073434997848
0.02372299623416463
0.0237710526268737
0.02381924294422294
0.023867567518037272
0.023916026680869232
0.023964620765999537
0.024013350107437652
0.024062215039922334
0.024111215898922185
0.024160353020636214
0.024209626741994367
0.024259037400658063
0.024308585335020734
0.02435827088420835
0.02440809438807995
0.02445805618722814
0.024508156622979636
0.024558396037395742
0.02460877477327288
0.024659293174143063
0.024709951584274418
0.02476075034867165
0.024811689813076535
0.0248627703239684
0.024913992228564594
0.02496535587482096
0.02501686161143229
0.025068509787832788
0.025120300754196516
0.025172234861437846
0.025224312461211915
0.025276533905915027
0.025328899548685117
0.025381409743402156
0.025434064844688586
0.02548686520790972
0.025539811189174158
0.02559290314533419
0.02564614143398619
0.025699526413471015
0.02575305844287437
0.02580673788202723
0.025860565091506166
0.025914540432633745
0.025968664267478882
0.026022936958857205
0.026077358870331396
0.026131930366211538
0.02618665181155546
0.02624152357216906
0.02629654601460665
0.026351719506171257
0.026407044414914947
0.02646252110963914
0.026518149959894897
0.026573931335983233
0.026629865608955385
0.026685953150613128
0.026742194333509023
0.026798589530946708
0.02685513911698114
0.026911843466418877
0.02696870295481832
0.027025717958489952
0.027082888854496587
0.0271402160206536
0.02719769983552914
0.027255340678444373
0.027313138929473672
0.027371094969444832
0.027429209179939264
0.027487481943292192
0.027545913642592835
0.02760450466168459
0.027663255385165203
0.02772216619838691
0.027781237487456638
0.027840469639236115
0.027899863041342038
0.027959418082146192
0.028019135150775594
0.028079014637112605
0.02813905693179505
0.028199262426216322
0.028259631512525484
0.028320164583627357
0.028380862033182616
0.02844172425560786
0.028502751646075682
0.02856394460051474
0.028625303515609796
0.02868682878880179
0.028748520818287854
0.02881038000302136
0.028872406742711944
0.028934601437825523
0.028996964489584304
0.02905949629996678
0.029122197271707742
0.02918506780829824
0.029248108313985586
0.029311319193773305
0.029374700853421122
0.029438253699444885
0.029501978139116546
0.029565874580464065
0.029629943432271374
0.02969418510407827
0.029758600006180354
0.029823188549628923
0.029887951146230867
0.029952888208548568
0.030018000149899776
0.03008328738435748
0.030148750326749768
0.030214389392659705
0.030280204998425157
0.030346197561138634
0.030412367498647133
0.030478715229551947
0.030545241173208487
0.030611945749726074
0.030678829379967753
0.030745892485550066
0.030813135488842843
0.03088055881296895
0.030948162881804086
0.03101594811997649
0.031083914952866713
0.031152063806607358
0.031220395108082777
0.031288909284928806
0.03135760676553248
0.031426487979031706
0.03149555335531497
0.031564803325021
0.03163423831953846
0.0317038587710056
0.0317736651123099
0.03184365777708771
0.0319138371997239
0.03198420381535146
0.032054758059851154
0.03212550036985107
0.03219643118272624
0.03226755093659826
0.03233886007033481
0.03241035902354924
0.03248204823660013
0.03255392815059085
0.03262599920736907
0.032698261849526296
0.0327707165203974
0.032843363664060106
0.03291620372533451
0.03298923714978255
0.033062464383707496
0.03313588587415339
0.033209502068904544
0.03328331341648495
0.03335732036615776
0.03343152336792464
0.03350592287252527
0.033580519331436694
0.03365531319687274
0.033730304921783395
0.03380549495985419
0.033880883765505534
0.033956471793892135
0.03403225950090226
0.034108247343157136
0.03418443577801023
0.03426082526354658
0.0343374162585821
0.03441420922266285
0.03449120461606433
0.03456840289979076
0.034645804535574316
0.034723409985874386
0.034801219713876806
0.0348792341834931
0.03495745385935966
0.035035879206836984
0.03511451069200886
0.03519334878168153
0.03527239394338287
0.03535164664536157
0.03543110735658625
0.03551077654674461
0.03559065468624256
0.03567074224620334
0.035751039698466595
0.03583154751558749
0.03591226617083579
0.03599319613819491
0.036074337892361
0.036155691908741974
0.03623725866345653
0.03631903863333319
0.03640103229590932
0.03648324012943011
0.03656566261284758
0.03664830022581952
0.036731153448708496
0.036814222762580784
0.03689750864920529
0.03698101159105253
0.03706473207129348
0.037148670573798545
0.037232827583136396
0.03731720358457288
0.03740179906406991
0.03748661450828424
0.03757165040456641
0.03765690724095951
0.037742385506198024
0.037828085689706636
0.03791400828159901
0.03800015377267659
0.03808652265442738
0.038173115419024656
0.03825993255932577
0.03834697456887084
0.03843424194188148
0.03852173517325952
0.03860945475858569
0.038697401194118304
0.03878557497679195
0.0388739766042161
0.0389626065746738
0.03905146538712028
0.03914055354118158
0.03922987153715316
0.039319419875998476
0.03940919905934758
0.039499209589495675
0.03958945196940167
0.039679926702686726
0.03977063429363279
0.0398615752471811
0.03995275006893069
0.04004415926513688
0.04013580334270975
0.040227682809212593
0.0403197981728604
0.04041214994251825
0.04050473862769977
0.04059756473856553
0.04069062878592141
0.040783931281217045
0.040877472736544136
0.04097125366463484
0.0410652745788601
0.041159535993227976
0.04125403842238196
0.041348782381599294
0.041443768386789204
0.041538996954491245
0.04163446860187351
0.0417301838467309
0.04182614320748335
0.04192234720317407
0.0420187963534677
0.04211549117864854
0.042212432199618725
0.042309619937896406
0.042407054915613834
0.04250473765551557
0.04260266868095658
0.04270084851590031
0.04279927768491682
0.04289795671318086
0.042996886126469944
0.04309606645116234
0.043195498214235184
0.04329518194326248
0.04339511816641305
0.04349530741244865
0.04359575021072181
0.0436964470911739
0.043797398584333055
0.04389860522131209
0.04400006753380643
0.04410178605409206
0.044203761315023356
0.044305993850031
0.04440848419311983
0.044511232878866706
0.044614240442418344
0.04471750741948911
0.04482103434635885
0.04492482175987067
0.04502887019742875
0.04513318019699604
0.04523775229709206
0.045342587036790595
0.04544768495571746
0.045553046594048144
0.04565867249250556
0.045764563192357666
0.04587071923541514
0.04597714116402903
0.0460838295210884
0.04619078485001789
0.046298007694775344
0.046405498599849423
0.04651325811025713
0.046621286771541384
0.04672958512976853
0.0468381537315259
0.04694699312391931
0.04705610385457054
0.04716548647161481
0.04727514152369824
0.04738506955997533
0.047495271130106355
0.04760574678425479
0.047716497073084715
0.047827522547758204
0.04793882375993268
0.04805040126175828
0.04816225560587521
0.048274387345411035
0.04838679703397801
0.04849948522567037
0.04861245247506161
0.04872569933720171
0.04883922636761446
0.04895303412229461
0.04906712315770514
0.04918149403077442
0.04929614729889343
0.0494110835199129
0.049526303252140476
0.04964180705433786
0.04975759548571791
0.049873669105941786
0.049990028475115994
0.0501066741537895
0.05022360670295075
0.05034082668402475
0.05045833465887008
0.05057613118977587
0.05069421683945887
0.05081259217106035
0.050931257748143104
0.05105021413468842
0.05116946189509295
0.05128900159416569
0.051408833797124825
0.05152895906959466
0.05164937797760245
0.051770091087575264
0.051891098966336854
